457
294
994
342
1014
457
224
994
342
458
224
994
342
458
225
994
342
459
225
994
328
459
225
992
327
459
227
992
327
459
227
992
344
1014
950
460
226
992
344
1012
949
459
226
992
344
1012
950
459
226
991
360
1012
893
948
459
309
998
360
1012
947
590
463
308
997
359
1011
947
594
463
308
996
359
1015
249
463
307
996
358
1011
248
463
307
995
947
1012
595
359
463
307
995
949
1012
594
898
248
463
306
995
357
248
1015
463
307
998
359
1012
947
462
307
996
360
1015
967
463
307
998
359
1015
957
574
463
310
998
955
1015
252
463
310
998
955
1013
15
463
310
998
957
1012
359
935
463
310
998
959
1012
329
463
310
361
999
933
1012
958
8
464
310
963
997
1014
4
329
465
311
333
965
996
1013
465
310
333
965
996
1013
467
308
334
965
1014
996
467
308
334
967
467
923
334
967
1013
26
468
923
334
971
1013
469
924
970
333
1012
470
926
971
333
1012
470
927
971
345
1016
471
927
345
971
1015
471
928
345
971
1015
473
317
346
971
473
317
350
821
972
474
316
350
821
475
317
349
1020
971
437
476
316
347
476
826
353
1021
247
437
478
826
354
1023
247
479
826
354
1023
439
479
826
354
1022
800
826
354
1023
417
800
826
354
1023
419
800
826
364
1023
417
740
4
482
828
354
1023
483
828
359
1023
483
830
359
1023
256
415
483
255
353
1023
485
255
353
1023
940
241
742
911
533
485
255
354
241
1023
940
486
256
354
242
1023
487
256
354
243
1023
487
256
354
243
1023
124
256
349
1020
746
488
256
349
1022
245
489
256
374
245
1023
489
256
375
1023
491
49
375
1023
491
49
375
1022
492
50
376
1023
493
50
374
1023
494
50
376
1023
0
496
50
376
1023
869
496
54
370
1022
497
54
376
1023
497
54
363
1023
498
54
363
1022
498
54
363
1023
499
55
370
1023
499
57
370
1023
499
56
370
1023
501
56
372
1023
501
57
370
1023
501
57
372
1023
342
503
56
370
503
57
372
503
56
373
256
1023
345
15
966
504
57
374
258
1023
342
505
342
865
959
261
14
1023
507
342
865
959
15
261
1023
507
342
865
961
16
261
1023
507
347
865
961
261
15
1023
509
347
864
961
20
1022
484
509
347
864
961
485
20
1023
510
347
864
963
485
1023
20
511
347
864
962
482
1022
511
347
863
963
482
1023
512
349
965
486
513
350
963
42
264
486
513
350
42
963
264
515
350
515
351
877
965
538
33
1023
201
942
516
351
873
792
941
70
517
281
388
792
